[Matrix]
A 5 5
0.81472369 0.09754040 0.15761308 0.14188634 0.65574070
0.90579194 0.27849822 0.97059278 0.42176128 0.03571168
0.12698682 0.54688152 0.95716695 0.91573553 0.84912931
0.91337586 0.95750684 0.48537565 0.79220733 0.93399325
0.63235925 0.96488854 0.80028047 0.95949243 0.67873515

[Matrix]
B 5 5
0.75774013 0.70604609 0.82345783 0.43874436 0.48976440
0.74313247 0.03183285 0.69482862 0.38155846 0.44558620
0.39222702 0.27692298 0.31709948 0.76551679 0.64631301
0.65547789 0.04617139 0.95022205 0.79519990 0.70936483
0.17118669 0.09713178 0.03444608 0.18687260 0.75468668

[Vector]
X 5
0.27602508 0.67970268 0.65509800 0.16261174 0.11899768 

[Matrix]
A+B 5 5
1.57246382 0.80358649 0.98107091 0.58063070 1.14550509
1.64892441 0.31033107 1.66542140 0.80331974 0.48129788
0.51921384 0.82380450 1.27426643 1.68125231 1.49544232
1.56885375 1.00367823 1.43559770 1.58740723 1.64335808
0.80354593 1.06202032 0.83472655 1.14636503 1.43342184

[Matrix]
A-B 5 5
0.05698356 -0.60850568 -0.66584475 -0.29685802 0.16597630
0.16265947 0.24666537 0.27576416 0.04020283 -0.40987452
-0.26524020 0.26995853 0.64006747 0.15021874 0.20281630
0.25789797 0.91133544 -0.46484640 -0.00299257 0.22462842
0.46117256 0.86775675 0.76583439 0.77261982 -0.07595153

[Matrix]
A*B 5 5
0.95691182 0.69222850 0.94605471 0.75069622 1.13988065
1.55657724 0.94011774 1.64916146 1.58873759 1.52116010
1.62365918 0.49688709 1.68747563 1.88398119 2.21492309
2.27319500 0.93707503 2.35628730 1.94214748 2.45453169
2.25521209 0.80903383 2.38003249 2.14805886 2.44974230

[Matrix]
A^T 5 5
0.81472369 0.90579194 0.12698682 0.91337586 0.63235925
0.09754040 0.27849822 0.54688152 0.95750684 0.96488854
0.15761308 0.97059278 0.95716695 0.48537565 0.80028047
0.14188634 0.42176128 0.91573553 0.79220733 0.95949243
0.65574070 0.03571168 0.84912931 0.93399325 0.67873515

[Vector]
AX 5
0.49553866 1.14798361 1.28376030 1.46086846 1.59143911 

