[Matrix]
A 5 5
0.8147236864 0.0975404050 0.1576130817 0.1418863386 0.6557406992
0.9057919371 0.2784982189 0.9705927818 0.4217612826 0.0357116786
0.1269868163 0.5468815192 0.9571669482 0.9157355252 0.8491293059
0.9133758561 0.9575068354 0.4853756487 0.7922073296 0.9339932478
0.6323592462 0.9648885352 0.8002804689 0.9594924264 0.6787351549

[Matrix]
B 5 5
0.7577401306 0.7060460880 0.8234578283 0.4387443597 0.4897643958
0.7431324681 0.0318328464 0.6948286230 0.3815584571 0.4455862007
0.3922270195 0.2769229850 0.3170994801 0.7655167881 0.6463130101
0.6554778902 0.0461713906 0.9502220488 0.7951999011 0.7093648309
0.1711866878 0.0971317812 0.0344460805 0.1868726046 0.7546866820

[Vector]
X 5
0.2760250770 0.6797026769 0.6550980040 0.1626117352 0.1189976816

[Matrix]
A+B 5 5
1.5724638170 0.8035864930 0.9810709100 0.5806306983 1.1455050949
1.6489244052 0.3103310652 1.6654214047 0.8033197397 0.4812978793
0.5192138358 0.8238045042 1.2742664283 1.6812523133 1.4954423160
1.5688537463 1.0036782261 1.4355976976 1.5874072307 1.6433580786
0.8035459340 1.0620203164 0.8347265494 1.1463650309 1.4334218368

[Matrix]
A-B 5 5
0.0569835558 -0.6085056830 -0.6658447466 -0.2968580210 0.1659763034
0.1626594690 0.2466653725 0.2757641588 0.0402028255 -0.4098745221
-0.2652402032 0.2699585342 0.6400674682 0.1502187370 0.2028162958
0.2578979660 0.9113354448 -0.4648464001 -0.0029925716 0.2246284169
0.4611725584 0.8677567540 0.7658343884 0.7726198218 -0.0759515271

[Matrix]
A*B 5 5
0.9569118199 0.6922284971 0.9460547133 0.7506962234 1.1398806488
1.5565772431 0.9401177389 1.6491614592 1.5887375876 1.5211600955
1.6236591826 0.4968870933 1.6874756259 1.8839811901 2.2149230856
2.2731950019 0.9370750335 2.3562872991 1.9421474846 2.4545316873
2.2552120939 0.8090338310 2.3800324895 2.1480588563 2.4497423042

[Matrix]
A^T 5 5
0.8147236864 0.9057919371 0.1269868163 0.9133758561 0.6323592462
0.0975404050 0.2784982189 0.5468815192 0.9575068354 0.9648885352
0.1576130817 0.9705927818 0.9571669482 0.4853756487 0.8002804689
0.1418863386 0.4217612826 0.9157355252 0.7922073296 0.9594924264
0.6557406992 0.0357116786 0.8491293059 0.9339932478 0.6787351549

[Vector]
AX 5
0.4955386645 1.1479836090 1.2837602970 1.4608684584 1.5914391058

